1000 279
772473 801047 9186
80 50 33
970415 486337 7439
420887 420863 51
282208 184640 4056
690374 690359 64
519554 175281 2756
16 999999936 116
321618 268560 5675
999999974 48 171
586843 655713 6325
28 85 29
716987 821224 9842
420802 420719 74
934709 731632 2454
690307 690407 60
686306 138059 7272
92 999999987 66
52994 403713 9447
999999985 81 198
18462 526345 4929
29 39 31
16048 683592 6150
420703 420735 191
718718 969063 2396
690348 690280 60
295377 174319 8292
14 999999966 198
821247 857097 7442
999999949 30 189
13828 771383 4123
48 76 39
444074 49691 6229
420733 420949 178
915873 238304 7685
690407 690377 28
636671 505383 949
13 999999913 58
921234 957402 8244
999999939 100 99
713788 680895 1963
17 36 32
960844 911888 2368
420916 420691 173
185987 250493 9215
690371 690411 60
191965 203504 6858
25 999999999 84
815691 481852 5466
999999972 97 56
505972 916906 3342
7 38 42
3407 818966 5693
420865 420744 169
919221 656458 4117
690420 690406 77
132672 577713 7696
59 999999907 125
303917 486142 9575
999999991 40 193
54478 59107 7953
32 83 33
391260 742783 7371
420945 420773 156
798920 529383 2619
690263 690292 25
777434 908968 654
1 999999991 163
647663 826784 4427
999999979 56 106
772688 58688 9569
49 30 31
615521 459988 4191
420752 420894 157
434176 818701 663
690353 690271 95
769591 60049 9345
34 999999962 98
850724 428614 1730
999999951 13 192
431474 807167 8080
13 82 32
637763 400326 5308
420926 420848 50
907531 490870 3423
690369 690393 78
147204 865203 2163
10 999999927 75
44325 818870 2162
999999997 24 172
270541 66278 7295
15 49 39
499022 467561 9804
420801 420785 110
324309 948888 3284
690353 690265 42
69311 674118 1358
94 999999950 72
741784 970062 2791
999999981 13 185
133718 618098 8803
76 42 40
666424 332849 9836
420768 420768 146
173527 841109 7464
690366 690303 51
916815 961629 5819
26 999999993 78
94198 411686 4891
999999980 46 104
158153 610261 2899
34 5 26
457663 319953 6851
420896 420820 59
793959 311603 9710
690419 690267 71
734585 636566 6634
42 999999979 182
291030 813407 5514
1000000000 36 180
623389 176748 3797
62 29 48
641614 463771 4126
420779 420698 178
884584 198029 5759
690386 690368 35
373765 727713 9638
83 999999936 158
165680 868725 5370
999999936 41 63
554190 902011 6453
79 30 30
819677 56699 110
420760 420905 67
525222 699900 5557
690367 690388 92
301414 973202 8192
11 999999963 59
604902 368064 3524
999999902 66 182
990696 393927 9791
14 87 25
863245 757771 120
420872 420918 191
641934 427412 6467
690336 690288 90
113036 784333 2033
75 999999909 80
270550 437382 4653
999999925 14 173
506959 653153 4331
100 20 20
496280 283444 5047
420794 420701 150
113586 824313 2887
690394 690294 70
678833 981508 2915
46 999999989 91
726574 218253 7627
999999948 67 143
648551 879266 6206
96 15 37
844897 160872 6410
420879 420698 189
497830 944335 5069
690342 690376 42
745436 248599 3620
78 999999994 72
996309 50439 7085
999999915 54 160
543596 822171 4660
100 84 25
661469 692343 2810
420745 420728 83
602779 907484 2179
690373 690240 83
762609 127756 7101
27 999999988 59
141116 3925 9976
999999949 88 186
397011 595143 1841
11 11 23
4706 678465 5496
420908 420941 117
72911 850960 2869
690402 690241 45
532463 964160 3828
20 999999967 187
851351 578749 5229
999999959 92 173
477748 231928 6828
89 57 30
344592 656346 7154
420879 420752 54
274996 309784 7059
690377 690411 79
796429 39821 4175
68 999999907 61
44641 59512 3729
999999942 61 139
444701 93423 6663
41 57 26
35059 209162 9446
420959 420817 188
350748 294931 5402
690284 690250 54
83070 463924 282
73 999999949 139
743824 832417 405
999999961 61 124
387867 548861 5521
16 98 20
253220 973504 5871
420793 420699 54
568219 439582 5514
690380 690304 64
574875 559789 6713
76 999999905 95
956557 319062 435
999999925 42 92
720145 76426 9804
100 29 28
211003 365682 2398
420947 420787 95
768688 488519 9203
690390 690377 74
246797 381454 4072
50 999999907 58
965364 936767 472
999999974 46 173
540774 194163 6167
51 6 48
526902 835008 9787
420722 420950 144
253483 268032 71
690359 690365 99
468959 418227 1993
72 999999993 175
11470 747024 7222
999999990 17 80
818868 65435 8864
48 86 33
820508 883285 746
420950 420809 191
329957 548566 7304
690408 690409 78
50736 374851 3990
95 999999950 177
764961 368413 5788
999999948 95 93
72589 276612 585
72 65 49
524272 446055 9751
420908 420949 154
293785 466290 8800
690325 690303 41
349938 430097 3892
75 999999975 167
518107 859515 7952
999999916 22 159
777084 667075 2739
44 51 47
703657 716171 9042
420895 420895 70
225677 549414 8623
690316 690335 89
82099 909817 2736
23 999999917 106
756287 535342 1263
999999985 76 98
303440 647432 9012
86 29 44
39738 647986 4127
420700 420715 174
511043 610133 9159
690315 690373 56
243238 349674 2601
38 999999934 140
984916 413691 4717
999999977 42 180
575892 385700 7240
74 27 48
992870 911077 8437
420917 420766 145
801914 197995 2362
690278 690268 92
787514 661011 7745
15 999999996 84
952692 370539 9742
999999959 94 52
637958 831045 9768
71 19 21
644951 670303 1559
420804 420858 97
924528 418194 9360
690252 690315 84
904496 489512 8489
26 999999930 200
611938 849740 2301
1000000000 33 161
216609 664540 3325
4 36 50
644768 815930 9297
420879 420872 125
86079 47099 3145
690318 690412 76
277416 202625 604
33 999999929 66
221683 538066 2949
999999912 43 58
767325 356384 2276
65 86 33
475395 204885 5215
420765 420859 107
242471 586550 4263
690273 690369 85
724949 970156 732
43 999999946 90
126233 888408 7553
999999905 11 106
104484 948233 2541
41 79 47
280663 514533 2876
420720 420959 164
519471 697683 3603
690386 690387 30
37179 254381 3485
87 999999972 191
251191 40114 7895
999999919 46 75
39909 890591 1952
20 69 50
307420 84570 6984
420793 420694 125
2735 290787 8318
690409 690404 51
835568 903722 3533
99 999999981 162
653590 135376 3949
999999900 58 114
300782 413368 7332
17 49 39
258130 626080 9839
420756 420854 83
879269 702056 2752
690281 690374 58
675995 444907 3673
70 999999955 106
634995 686692 4626
999999910 50 198
576748 999371 5687
50 85 31
914872 170780 915
420692 420892 119
964653 767033 5908
690363 690298 71
286768 52931 422
49 999999947 122
425538 671732 519
999999963 31 90
492204 421100 411
44 85 34
613688 339174 3841
420903 420939 196
879469 387542 2008
690415 690249 27
307059 562900 9849
28 999999975 109
903304 375367 7296
999999930 66 173
373957 19305 7316
28 68 22
332819 118321 4075
420924 420793 134
109355 334429 9204
690314 690245 78
647011 995317 7282
12 999999961 182
176081 884967 3266
999999966 82 153
593918 753409 5136
66 41 40
309926 36435 5395
420712 420945 196
622145 389024 8839
690373 690250 30
254172 872208 8354
79 999999935 148
342520 608235 4846
999999920 58 71
624920 522280 5330
15 65 25
629785 36607 140
420734 420867 126
415735 368051 4921
690306 690342 55
513450 891058 2710
53 999999920 162
895875 576850 7929
999999992 23 168
603221 685440 2999
30 44 33
33033 8684 1529
420892 420771 73
955449 522634 9921
690293 690279 46
41985 273491 6141
72 999999973 179
668560 464845 3432
999999924 42 105
364237 643140 7581
53 12 30
955147 452882 6770
420921 420893 147
291177 687989 4208
690286 690420 79
581170 514619 3122
9 999999946 132
670135 303368 9830
999999970 74 162
99450 286361 2761
58 14 31
907444 399819 6891
420834 420912 194
960662 781386 1591
690302 690397 34
473210 128837 875
1 999999931 71
114467 301 3042
999999917 65 161
975181 57983 3658
92 60 26
662877 72923 2392
420766 420722 115
298 451275 9798
690266 690314 30
944394 106864 9630
96 999999957 141
290627 242016 5345
999999914 98 56
117091 735790 8760
90 67 24
444062 41074 4046
420793 420761 95
132189 594148 6631
690317 690393 45
555764 779985 7900
3 999999937 103
623116 549586 670
999999959 95 77
588068 803691 388
10 65 47
110956 222179 5914
420956 420696 165
268898 650230 9981
690241 690253 99
277215 701184 7845
44 999999964 55
771939 655040 1328
999999909 86 67
282950 753431 7149
6 80 45
85538 108914 2246
420950 420725 133
118563 640916 1726
690371 690420 88
376544 262864 6785
17 999999915 141
865881 479678 2002
999999932 100 120
644875 552505 7133
20 25 35
965272 474821 4988
420915 420715 77
396749 79316 3040
690419 690309 87
152694 477152 9582
78 999999902 197
553535 674026 6609
999999909 9 81
117918 942924 6020
66 63 31
187015 624953 5865
420861 420869 148
929820 192707 6861
690317 690247 66
275456 240264 4881
50 999999999 101
691711 526626 3790
999999947 87 105
850039 875321 3463
9 13 43
712688 647918 570
420880 420828 155
152073 210694 7230
690411 690311 100
95913 744269 2303
95 999999915 176
424545 631442 1976
999999982 20 93
180253 373175 8935
97 93 20
632467 120466 9039
420762 420899 116
645780 268081 2339
690253 690383 73
14382 710515 5830
27 999999902 69
241670 418163 7573
999999935 41 76
939430 984614 1046
57 36 45
505329 100623 6266
420741 420802 145
383057 112742 5393
690330 690256 46
775441 777485 7221
15 999999930 157
21217 30474 6131
999999927 89 101
394651 222060 6797
16 32 33
550303 424532 1216
420851 420794 63
6801 722678 8781
690318 690319 75
324728 724358 1566
49 999999908 92
135161 33574 4962
999999993 8 105
19916 206589 7645
70 31 40
812036 164138 8159
420851 420829 176
611288 599208 5970
690291 690346 75
926974 219024 6245
30 999999951 69
467731 533749 1891
999999961 12 105
7289 324701 7173
54 6 49
568961 370148 6727
420945 420925 93
521624 416455 8964
690335 690406 47
596639 476099 1716
12 999999969 173
327552 652440 5357
999999921 28 88
462791 4318 4479
72 46 29
495228 328726 5118
420852 420703 169
542590 61976 6611
690277 690359 87
104469 6313 2087
64 999999929 161
719319 221897 8659
999999969 48 145
793216 252058 1978
94 53 49
644795 271222 5649
420715 420938 50
717886 714017 1151
690318 690350 63
392940 264532 9161
63 999999927 117
246414 767607 7037
999999978 7 125
2703 675202 1089
24 31 24
649540 761802 9435
420724 420855 80
47589 835366 2002
690389 690395 37
181673 875893 134
70 999999998 115
94140 285043 3323
999999986 91 53
588839 603653 8097
97 85 27
322477 592146 6383
420903 420714 198
259516 166205 5283
690341 690342 49
233622 260663 2228
11 999999913 91
652101 708443 5280
999999983 15 170
474243 834718 1376
5 32 42
65429 314765 645
420785 420913 89
990803 650827 9276
690297 690329 73
771145 543136 4658
15 999999924 127
595868 755712 3184
999999995 59 55
442049 217923 2442
89 45 22
601469 451184 1041
420726 420735 177
890870 61214 7167
690243 690301 84
462286 506620 214
13 999999918 65
435894 248128 290
999999992 38 109
601890 723964 6287
19 28 32
423914 193268 9560
420778 420703 158
398155 635278 7152
690351 690281 45
261631 650143 8622
11 999999910 181
855441 667223 3368
999999983 58 111
352984 462651 2939
30 89 44
915518 68310 2089
420739 420946 174
626658 668828 176
690315 690331 55
549650 441723 6735
76 999999989 153
609330 230211 8197
999999970 9 91
117146 41054 4137
87 98 44
597012 326532 5433
420905 420735 155
861168 786355 2694
690364 690289 60
855292 362448 4189
53 999999971 93
770957 30991 3757
999999917 21 143
744083 274280 6416
58 30 44
754977 285306 4418
420811 420695 138
466456 530567 1056
690381 690382 84
741060 101304 3977
44 999999906 117
339759 278092 4758
999999956 57 133
433125 745740 5618
65 6 39
84316 939250 3096
420702 420716 137
111250 556061 820
690262 690350 80
30511 429061 1637
24 999999960 145
881433 10915 193
999999986 92 118
994216 486740 3481
91 10 35
410705 486506 4423
420753 420711 138
242878 492171 6370
690413 690395 41
692224 138672 2113
81 999999983 144
443568 512662 1724
999999948 87 87
633914 801708 1384
36 26 24
863297 120118 7247
420698 420923 170
536342 996333 9378
690311 690250 33
85177 847438 2116
87 999999931 199
50432 791697 6100
999999975 99 158
191818 287713 3812
47 97 46
680555 675665 4374
420831 420935 161
605591 84042 9940
690348 690287 93
754339 428516 9418
98 999999991 163
63992 738263 235
999999928 48 77
107670 725585 1483
49 96 22
682726 470794 262
420867 420928 167
41524 934717 8612
690325 690258 39
696614 195853 7051
99 999999962 124
370363 719578 3335
999999959 28 73
907512 331844 1978
55 14 46
824177 621076 2170
420911 420788 157
125898 908255 1660
690245 690276 36
174406 452186 8112
23 999999938 167
144206 683408 3616
999999958 16 146
689237 907687 6416
45 90 31
400733 788742 7262
420898 420772 158
527053 636938 9885
690332 690397 46
195794 498145 5217
21 999999992 145
539501 141994 5111
999999921 40 156
19965 150054 1865
26 23 34
808106 151141 4958
420822 420729 190
651231 489374 6215
690314 690408 93
754860 620131 2567
33 999999968 152
721182 769467 5023
999999924 31 74
568696 245789 6436
90 50 25
298658 908592 8610
420922 420883 193
393254 51390 9500
690340 690359 25
599147 146715 4557
48 999999918 181
986343 454637 7025
999999962 18 159
605873 133806 9735
81 24 31
607610 224182 2469
420807 420737 179
340602 67281 933
690315 690410 37
717492 241280 9160
94 999999977 144
194074 556332 9582
999999962 39 190
837996 939577 4527
77 15 43
615113 542201 1301
420923 420838 59
467583 988799 2997
690378 690410 60
683758 448192 659
28 999999975 165
143061 447158 2175
999999975 98 98
903133 726997 4075
71 97 25
559371 195496 6919
420738 420747 152
358254 20463 3584
690296 690266 58
197788 322351 8793
93 999999940 105
635560 193898 3379
999999906 44 59
424809 831317 9489
4 79 31
314020 334032 6064
420836 420879 157
779567 826636 1527
690248 690315 100
446463 284579 1974
52 999999952 112
486229 161856 9563
999999927 46 174
212149 672686 9780
39 23 41
949698 975117 9628
420948 420955 151
972310 938433 9609
690284 690261 70
182410 638375 189
81 999999903 118
468008 841501 2971
999999988 20 104
142876 873657 885
42 22 27
108697 607719 815
420908 420827 166
125028 994778 3979
690253 690344 86
454932 115707 5876
9 999999948 178
848505 297100 3256
999999943 11 153
772996 397271 2225
17 15 45
294289 652659 35
420702 420819 98
49474 65879 4897
690394 690291 93
954418 994456 930
74 999999966 108
643611 690832 6732
999999944 50 149
274908 731184 7678
69 81 45
43592 760767 7334
420802 420775 69
485912 570186 9381
690369 690388 61
946008 302017 187
21 999999988 116
316645 412886 1986
999999982 34 131
744338 200431 4515
71 69 40
233010 900928 4216
420929 420871 105
846162 964253 7203
690350 690340 37
303672 231968 2234
72 999999940 134
71116 675337 8182
999999935 9 137
793314 808063 9359
72 74 21
861479 608287 1237
420860 420731 197
130644 569454 6990
690352 690395 91
98085 137881 6449
19 999999942 110
643378 921567 5347
999999901 14 140
481493 613302 3184
91 97 29
11012 379358 743
420792 420722 176
288951 648814 5661
690270 690353 91
987598 110206 4170
59 999999986 69
565966 342144 5613
999999955 45 133
448126 896089 565
18 66 38
934124 780420 6801
420750 420896 146
872252 694181 949
690322 690398 98
819529 243143 557
61 999999907 164
581437 274395 1326
999999972 60 155
609097 182770 2519
9 93 40
763731 175311 3232
420798 420691 63
860353 862847 5026
690244 690400 92
794511 40668 3140
75 999999998 88
889579 933640 2709
999999979 34 153
422242 363775 3202
85 78 22
680104 613428 8278
420736 420719 96
792099 742692 3410
690249 690278 80
11097 234742 1229
11 999999907 106
711806 441361 5792
999999923 49 60
332304 17031 3088
23 18 45
698794 879908 9142
420947 420693 128
819558 761024 1613
690252 690276 56
400436 180288 4020
36 999999901 135
185760 946554 1565
999999969 99 136
973842 741037 7732
65 37 40
754807 200562 8432
420848 420877 66
64271 130339 8144
690328 690290 39
903158 499287 4342
7 999999920 51
968485 828582 3542
999999931 94 181
232452 80905 355
65 62 46
904113 854466 4903
420760 420761 183
311642 461647 6550
690385 690271 48
294546 176560 476
100 999999960 67
948279 108265 3077
999999923 66 64
126393 561803 5897
56 2 45
738042 426879 4951
420786 420936 64
122457 757312 2193
690327 690340 48
17679 315924 2476
67 999999965 116
483802 314446 8493
999999988 98 134
682547 446655 8325
27 70 28
209875 522217 3170
420794 420888 155
986869 785130 6815
690271 690252 49
16204 5067 4312
43 999999929 107
934163 9394 1254
999999911 7 112
188112 383388 8568
67 7 24
363941 309911 4212
420836 420840 112
966858 221794 9210
690353 690350 26
156975 357772 6658
97 999999908 109
399449 491650 272
999999970 96 111
784763 977759 4383
64 74 48
951895 598309 3551
420921 420946 158
349244 659140 7951
690250 690248 89
72853 332382 4414
52 999999964 131
442698 108597 7500
999999963 50 103
684955 444925 4057
2 52 38
23854 824056 5571
420801 420920 64
491898 287031 9337
690406 690348 82
247885 228763 5098
24 999999903 78
583399 717027 4648
999999915 64 52
586071 490453 847
65 93 37
818703 498671 6728
420885 420725 132
663713 146048 5363
690240 690270 99
978754 614785 8131
63 999999948 50
130216 21389 5134
999999946 16 166
742293 398032 1457
41 59 34
698548 594064 9325
420700 420829 91
94055 571744 9739
690242 690341 59
901811 549671 1071
25 999999901 162
176675 388322 395
999999978 33 78
221205 278974 2426
69 27 20
422118 698240 3481
420772 420767 170
23279 696371 801
690411 690272 55
845260 64988 9971
97 999999936 155
492236 182361 1934
999999912 90 111
551518 540635 7381
73 97 43
869969 624206 9634
420858 420765 74
551302 768978 1501
690306 690409 37
605053 73166 7346
61 999999950 99
751628 402438 8968
999999973 42 160
